Exercise 1
Line 0: 18, 0, 0, 748, 0, 0, 617, 0, 0, 476, |
Line 1: 529, 0, 0, 0, 0, 939, 7, 606, 0, |
Line 2: 0, 221, 0, 0, 0, 84, 0, 794, 589, 0, 41, 68, |
Line 3: 380, 0, 0, 105, 749, 968, 908, 603, |
Line 4: 0, 441, 833, 490, 366, 225, 488, 456, 224, |
Line 5: 288, 896, 469, 0, 146, 790, 194, |
Line 6: 730, 250, 359, 0, 138, 49, 713, 342, 604, 676, |
Line 7: 907, 0, 274, 346, 0, 725, 376, 541, 600, 366, |
Line 8: 747, 56, 10, 422, 86, 728, |
Line 9: 486, 349, 696, 850, 906, 831, 539, 195, 202, |
Line 10: 592, 592, 847, 676, 0, 469, |
Line 11: 0, 0, 0, 0, 657, 0, 52, 352, |
Line 12: 994, 0, 0, 48, 835, 791, 654, 75, 523, |
Line 13: 0, 486, 954, 246, 203, 693, |
Line 14: 0, 920, 248, 0, 289, 822, 530, 569, 256, 929, |
Line 15: 0, 616, 462, 0, 757, |
Line 16: 65, 764, 581, 0, 62, 0, 0, 280, 444, 807, 174, 20, 512, |
Line 17: 877, 687, 187, 522, 853, 321, 345, 513, 849, |
Line 18: 635, 380, 77, 44, 484, 65, 886, |
Line 19: 153, 320, 96, 619, 0, 0, 139, 957, 977, 0, 232, 20, |
Line 20: 397, 610, 479, 0, 144, 554, |
Line 21: 0, 927, 384, 714, 286, 799, 733, 832, 815, 187, 0, |
Line 22: 892, 0, 0, 0, 133, 442, 906, |
Line 23: 803, 0, 0, 0, 957, 637, 97, 0, 83, 258, |
Line 24: 55, 435, 930, 143, 475, 675, 709, |
Line 25: 0, 841, 859, 640, 955, 903, |
Line 26: 639, 803, 829, 877, 716, 873, 0, 857, 837, 390, |
Line 27: 994, 749, 718, 174, 138, 697, 0, |
Line 28: 697, 873, 435, 141, 914, 656, 414, 981, 0, |
Line 29: 544, 524, 446, 397, 486, 603, 463, 497, |
Line 30: 0, 412, 273, 218, 0, 708, 899, |
Line 31: 435, 0, 401, 897, 214, 472, 499, 955, 0, 607, 491, 43, |
Line 32: 666, 0, 653, 44, 152, 294, 313, 237, 580, |
Line 33: 989, 954, 0, 488, 90, 495, 697, 0, 594, 981, |
Line 34: 104, 773, 396, 959, 272, 433, 889, 821, 759, 469, |
Line 35: 865, 318, 812, 267, 0, 0, 913, 0, |
Line 36: 132, 699, 0, 468, 651, 424, 270, 765, 53, 965, 19, |
Line 37: 725, 449, 337, 187, 862, 553, 282, 0, 779, 218, |
Line 38: 0, 0, 203, 452, 846, 811, 0, 342, 891, 776, |
Line 39: 567, 689, 619, 0, 847, 236, 833, 0, |
Line 40: 0, 568, 375, 561, 270, 0, 0, |
Line 41: 801, 0, 336, 493, 0, 81, 981, 449, 809, 239, |
Line 42: 87, 510, 20, 684, 387, 132, |
Line 43: 0, 364, 734, 141, 854, 290, 572, 878, 0, 0, 526, 919, 646, |
Line 44: 980, 500, 229, 876, 220, 809, 522, |
Line 45: 0, 374, 194, 660, 172, 774, 367, 452, 0, |
Line 46: 918, 0, 776, 542, 0, 857, 0, |
Line 47: 728, 951, 668, 0, 589, 857, 0, 0, 151, |
Line 48: 262, 95, 878, 563, 642, 586, 638, 933, |
Line 49: 0, 454, 540, 0, 531, 942, 632, 0, 0, |
Line 50: 0, 357, 340, 0, 623, 707, 479, 36, 659, 149, 401, 117, |
Line 51: 0, 0, 156, 747, 602, 748, 565, 93, |
Line 52: 0, 60, 938, 615, 328, 818, 143, 118, 916, |
Line 53: 0, 25, 32, 64, 813, 405, 802, 188, 246, 236, |
Line 54: 0, 426, 74, 0, 0, 764, |
Line 55: 920, 64, 437, 598, 0, 44, 625, 879, 879, 668, 509, 385, 123, 0, 553, 0, |
Line 56: 0, 552, 534, 312, 819, |
Line 57: 779, 0, 582, 264, 564, 561, 811, 943, 68, |
Line 58: 915, 472, 918, 848, 943, 0, 386, |
Line 59: 0, 668, 801, 0, 212, 613, |
Line 60: 208, 302, 313, 0, 237, 11, 551, 569, 717, |
Line 61: 742, 886, 15, 402, 806, 84, 527, 650, 56, 401, 276, 0, |
Line 62: 411, 277, 722, 0, 915, 252, 356, 553, |
Line 63: 2, 0, 922, 605, 403, 316, 0, |
Line 64: 385, 893, 200, 150, 0, 548, 111, 70, 675, 895, |
Line 65: 198, 532, 23, 349, 920, |
Line 66: 387, 0, 0, 580, 397, 720, 0, 628, |
Line 67: 816, 0, 36, 393, 848, 884, 676, 876, 341, 565, 914, 356, 210, |
Line 68: 646, 0, 370, 686, 567, |
Line 69: 94, 414, 18, 861, 0, 24, 875, 693, 320, 864, |
Line 70: 665, 595, 0, 0, 784, 187, 237, |
Line 71: 236, 126, 641, 486, 638, 242, 153, 0, 837, 723, 0, |
Line 72: 0, 114, 661, 0, 626, 796, 28, 579, 367, 78, 929, |
Line 73: 0, 271, 144, 5, 669, 533, 0, |
Line 74: 635, 947, 290, 0, 707, 465, 632, 771, 0, 471, 380, |
Line 75: 114, 89, 699, 416, 365, 131, |
Line 76: 410, 64, 684, 15, 0, 340, |
Line 77: 0, 0, 152, 94, 498, 26, 671, 221, 718, 824, 56, 0, |
Line 78: 0, 707, 0, 839, 790, 192, 181, 836, 287, |
Line 79: 937, 722, 378, 449, 226, 428, 341, |
Line 80: 795, 185, 405, 60, 0, 159, 0, 996, 981, 710, 0, 528, 888, 641, 880, |
Line 81: 806, 545, 467, 289, 681, 86, 326, 664, |
Line 82: 221, 142, 860, 0, 0, 291, 52, 300, 811, |
Line 83: 0, 149, 673, 762, 284, 588, 316, |
Line 84: 373, 290, 665, 552, 51, 105, 162, |
Line 85: 388, 772, 57, 163, 932, 0, 0, 116, 434, |
Line 86: 489, 248, 395, 676, 835, 570, 199, 678, |
Line 87: 0, 713, 952, 479, 379, 83, 0, 919, 486, 0, 0, 468, 720, |
Line 88: 0, 380, 899, 118, |
Line 89: 694, 382, 793, 668, 92, 747, 49, 284, 462, 303, 0, 50, 798, |
Line 90: 146, 642, 880, 79, 0, 885, 0, 780, 663, |
Line 91: 533, 0, 352, 619, 200, 142, 408, 634, 379, 491, 588, 183, |
Line 92: 127, 970, 902, 943, 0, 909, 619, |
Line 93: 640, 459, 446, 0, 313, 509, 473, 0, 0, |
Line 94: 415, 805, 0, 12, 863, 674, 296, 474, 281, 326, |
Line 95: 909, 136, 645, 961, 0, 554, |
Line 96: 0, 0, 166, 429, 96, 568, 684, 186, 958, 678, 466, |
Line 97: 759, 96, 658, 0, 0, 0, |
Line 98: 54, 168, 592, 536, 8, 671, 753, 74, 564, |
Line 99: 0, 728, 764, 804, 0, 0, 94, 27, 0, 644, 209, 485, |
Line 100: 0, 792, 855, 169, 496, 615, 683, 225, 474, 395, |
Line 101: 573, 206, 477, 158, 702, 298, 100, 714, |
Line 102: 0, 769, 27, 691, 0, 0, 980, 28, 727, 201, 545, |
Line 103: 223, 561, 261, 610, 0, 496, 408, |
Line 104: 775, 195, 303, 141, 865, 629, 0, 855, 958, |
Line 105: 407, 0, 22, 0, 605, 0, 160, 743, 163, |
Line 106: 602, 668, 245, 731, 69, 213, |
Line 107: 213, 903, 75, 0, 945, 221, 0, 739, 393, 301, 562, 53, 4, |
Line 108: 164, 0, 580, 0, 0, 828, 536, |
Line 109: 0, 185, 85, 0, 890, 204, |
Line 110: 0, 422, 351, 0, 584, 263, 849, 639, |
Line 111: 307, 897, 28, 49, 0, 72, 544, 974, 214, 55, 347, 0, |
Line 112: 0, 67, 840, 343, 447, 400, |
Line 113: 0, 498, 544, 347, 493, 612, 59, 741, 593, 416, |
Line 114: 369, 577, 690, 770, 983, 160, 623, 248, 437, 0, 275, |
Line 115: 603, 913, 609, 0, 62, 83, |
Line 116: 538, 356, 117, 556, 920, 746, |
Line 117: 483, 197, 0, 210, 92, 982, 0, 848, |
Line 118: 0, 413, 556, 0, 902, 182, 933, 829, 402, |
Line 119: 524, 0, 0, 163, 185, 0, 282, 774, 822, |
Line 120: 340, 373, 649, 0, 289, 0, 0, 939, 0, 0, 0, 778, 550, 0, |
Line 121: 699, 319, 170, 0, 61, 345, |
Line 122: 0, 144, 849, 174, 219, 140, 0, 970, |
Line 123: 0, 0, 819, 305, 413, 95, 589, 0, 0, 0, |
Line 124: 0, 403, 548, 0, 0, 962, |
Line 125: 0, 0, 429, 291, 881, 296, 163, 796, 0, 802, 138, |
Line 126: 983, 809, 417, 999, 0, 322, |
Line 127: 0, 921, 0, 731, 903, 638, 662, 495, 130, 0, |
Line 128: 168, 353, 639, 349, 0, 914, 570, |
Line 129: 695, 679, 958, 0, 369, 44, 964, 548, |
Line 130: 826, 268, 0, 136, 0, 964, 0, 0, 403, 842, 983, |
Line 131: 328, 519, 210, 0, 46, 241, 55, |
Line 132: 855, 199, 0, 849, 764, 294, 0, 0, 885, 434, 0, |
Line 133: 498, 936, 831, 462, 939, 0, 845, 0, |
Line 134: 360, 842, 986, 902, 21, 307, 234, 324, 505, 315, |
Line 135: 42, 474, 919, 0, 674, 713, 27, |
Line 136: 249, 0, 448, 622, 228, 308, 0, 0, 594, 127, 0, |
Line 137: 173, 817, 91, 649, 492, 0, 17, 878, 0, |
Line 138: 0, 0, 402, 610, 549, 853, 96, 779, |
Line 139: 885, 600, 456, 679, 16, 392, 0, |
Sum:  486748
